0.000000000000000000e+00
0.000000000000000000e+00
1.066379692766354992e+03
9.999328989625478243e+02
9.370499610631156884e+02
8.888590351801899487e+02
8.543695583544067631e+02
8.309701940828554143e+02
8.157080378204291264e+02
8.066997270848904691e+02
8.025148674254884327e+02
8.016405316859915047e+02
8.045019003445798944e+02
8.090055327341722204e+02
8.150336590001778632e+02
8.214815012331787329e+02
8.299497524685837107e+02
8.402489195196226319e+02
8.512351610824892987e+02
8.636486589498747435e+02
8.758585630593917131e+02
8.885563223425945125e+02
9.017645477294798866e+02
9.150766345536229665e+02
9.287918331522315611e+02
9.430375600082124947e+02
9.573211646858736685e+02
9.720506102374249622e+02
9.870581542854438339e+02
1.002278235107324349e+03
1.017917969371014124e+03
1.033367917541107090e+03
1.049425853618914516e+03
1.065557479244222122e+03
1.081737626467391010e+03
1.098546375049609651e+03
1.115082285159713138e+03
1.131868354004043340e+03
1.149008349545831834e+03
1.166401742335860263e+03
1.183965640811610683e+03
1.201613085340354928e+03
1.219352269262280061e+03
1.237202174547862342e+03
1.255218924918829771e+03
1.273473500797409088e+03
1.291936979934055444e+03
1.310589388655886523e+03
1.329399990821248366e+03
1.348352906988986206e+03
1.367499112870196086e+03
1.386893884169233843e+03
1.406483414609247575e+03
1.426195912855895131e+03
1.446011586026584382e+03
1.465925497939223760e+03
1.486049254106801300e+03
1.506485212406625351e+03
1.527192280152334433e+03
1.548084794556066754e+03
1.569143947982211102e+03
1.590378295567732948e+03
1.611794418286154269e+03
1.633411403183074981e+03
1.655233480603594899e+03
1.677287165943562968e+03
1.699610518647754589e+03
1.722183777453148878e+03
1.744969011744649379e+03
1.767920862556911288e+03
1.791008827625088315e+03
1.814209977054308183e+03
1.837635667333091305e+03
1.861397398969681035e+03
1.885502675568819541e+03
1.909951572385000645e+03
1.934698613435028392e+03
1.959620114688445938e+03
1.984702836232356958e+03
2.009992964955866000e+03
2.035514402697325750e+03
2.061292957747934906e+03
2.087339779159513000e+03
2.113630780685473383e+03
2.140164161129980585e+03
2.166930690946948289e+03
2.193925675410713211e+03
2.221117988975810931e+03
2.248488469267448636e+03
2.276047667311835539e+03
2.303798705784929552e+03
2.331751631745931718e+03
2.359907048035767730e+03
2.388279910228855897e+03
2.416862888848865168e+03
2.445670939470213852e+03
2.474696732616570443e+03
2.503940367161854738e+03
2.533409370330233287e+03
2.563081555944875618e+03
2.592971879580201403e+03
2.623073011759877772e+03
2.653385051357823613e+03
2.683893240547457481e+03
2.714597678202698717e+03
2.745491034847214905e+03
2.776565981004674995e+03
2.807815187198748390e+03
2.839223895602852281e+03
2.870799633441155947e+03
2.902527642887077945e+03
2.934400330776681130e+03
2.966416477545853468e+03
2.998567171592625982e+03
3.030843501315032881e+03
3.063236555111105190e+03
3.095744849729125235e+03
3.128359473567125406e+03
3.161064086672887697e+03
3.193857205794693982e+03
3.226729919330577104e+03
3.259673315678568542e+03
3.292671054886450747e+03
3.325721653702506956e+03
3.358816200524767282e+03
3.391938355401015542e+03
3.425086635079532698e+03
3.458244699608101655e+03
3.491403637384754802e+03
3.524561965157774466e+03
3.557703342974941279e+03
3.590812016632397899e+03
3.623896859970465812e+03
3.656937619176829685e+03
3.689936325489921273e+03
3.722880153447671091e+03
3.755771134288512712e+03
3.788596442550378470e+03
3.821350681121451089e+03
3.854021024539661994e+03
3.886616932393693332e+03
3.919118150871228409e+03
3.951519282860448584e+03
3.983822359599786068e+03
4.016007127276924621e+03
4.048075617130294177e+03
4.080000146997328102e+03
4.111775319766208668e+03
4.143388309974869117e+03
4.174826292161240417e+03
4.206076440863254902e+03
4.237118189938853902e+03
4.267959437328007880e+03
4.298585483590196418e+03
4.328996485985399886e+03
4.359185173423348715e+03
4.389159131514270484e+03
4.418896232467397567e+03
4.448404061892958453e+03
4.477667920350430904e+03
4.506680536749548082e+03
4.535419783299535993e+03
4.563878388910126887e+03
4.592049082491049376e+03
4.619909736251534923e+03
4.647460507451559351e+03
4.674686696650606791e+03
4.701581032758404035e+03
4.728136244684682424e+03
4.754345061339170570e+03
4.780200211631597085e+03
4.805686996121443372e+03
4.830813000418940646e+03
4.855556096733314007e+03
4.879909013974298432e+03
4.903871909401868834e+03
4.927430124514153249e+03
4.950576592914108005e+03
4.973296860793085216e+03
4.995591331042937782e+03
5.017452978205268664e+03
5.038867348471429978e+03
5.059834844733273712e+03
5.080348441532401921e+03
5.100393685060168536e+03
5.119970978208425549e+03
5.139065867168526893e+03
5.157678754832321829e+03
5.175802615741416048e+03
5.193422996087158936e+03
5.210540298761405211e+03
5.227147498305757836e+03
5.243230140911568924e+03
5.258781201120438709e+03
5.273808510174472758e+03
5.288297614265022276e+03
5.302248916283938343e+03
5.315662819123077497e+03
5.328539725674288093e+03
5.340857753778674123e+03
5.352632163028588366e+03
5.363848446923991105e+03
5.374499316549527066e+03
5.384562573597945629e+03
5.394045733162999568e+03
5.402919168587191962e+03
5.411190394964272855e+03
5.418844642337245205e+03
5.425874569099358268e+03
5.432309975395115544e+03
5.438136091267518168e+03
5.443360431810318005e+03
5.447997940467516855e+03
5.452048703982616644e+03
5.455520237449368324e+03
5.458412627611272910e+03
5.460711104511334270e+03
5.462415754893052508e+03
5.463526665499928640e+03
5.464036494725216471e+03
5.463937900962165259e+03
5.463238399304528684e+03
5.461923219795306977e+03
5.459999877528252910e+03
5.457475887597116525e+03
5.454351336745401568e+03
5.450618883366359114e+03
5.446286042553739208e+03
5.441352901051044682e+03
5.435826973952027402e+03
5.429700919649940261e+03
5.422982253238531484e+03
5.415678489811555664e+03
5.407782287762263877e+03
5.399293733834157138e+03
5.390227771471237247e+03
5.380569630716505344e+03
5.370341683364214077e+03
5.359536587807615433e+03
5.348161859140460365e+03
5.336217584106249888e+03
5.323703849448487745e+03
5.310635598611173009e+03
5.297012918337808514e+03
5.282835895371896186e+03
5.268119473157437824e+03
5.252871166788185292e+03
5.237083634657388757e+03
5.220779248559300868e+03
5.203950666887172702e+03
5.186612833085007878e+03
5.168758390002581109e+03
5.150394775016270614e+03
5.131521981608731949e+03
5.112154859963115996e+03
5.092278546861576615e+03
5.071907892487268327e+03
5.051050318673092988e+03
5.029720675602205120e+03
5.007926385107507485e+03
4.985689725722403637e+03
4.963010690929547309e+03
4.939911559262340234e+03
4.916399752553687904e+03
4.892482692636493084e+03
4.868160372993408600e+03
4.843440215457337217e+03
4.818337070211433456e+03
4.792850930738350144e+03
4.766981790520741015e+03
4.740737071391508834e+03
4.714139051884058063e+03
4.687180297130790677e+03
4.659890514015360168e+03
4.632262267670170331e+03
4.604310408278375689e+03
4.576057214373377064e+03
4.547502679437829102e+03
4.518654225304636384e+03
4.489526702156950705e+03
4.460134960177925677e+03
4.430478992850214127e+03
4.400573650356971484e+03
4.370433782881348634e+03
4.340059383905999312e+03
4.309465303614079858e+03
4.278658963838489399e+03
4.247662643112633305e+03
4.216476334919165311e+03
4.185107461090989091e+03
4.153578300161506377e+03
4.121896273963620843e+03
4.090061375979985769e+03
4.058088456393757042e+03
4.025992365388084181e+03
3.993773096445623196e+03
3.961445499749527698e+03
3.929009568782447786e+03
3.896487582077790648e+03
3.863886961468457685e+03
3.831215128787352114e+03
3.798486842109718509e+03
3.765716491079169373e+03
3.732910944881153227e+03
3.700084501051374446e+03
3.667251457125532397e+03
3.634411253938830214e+03
3.601585617377220387e+03
3.568781416626151440e+03
3.536005520871078261e+03
3.503257370947200343e+03
3.470566121090721026e+03
3.437923783786589865e+03
3.405352084920760717e+03
3.372857893678684377e+03
3.340440650895561703e+03
3.308122082457345641e+03
3.275909057549487443e+03
3.243815873707688752e+03
3.211841971767149971e+03
3.179994220913324170e+03
3.148301775382412870e+03
3.116749219309118416e+03
3.085365706929640510e+03
3.054143250728931889e+03
3.023103576592944592e+03
2.992246125356880384e+03
2.961585194556440001e+03
2.931127653377075148e+03
2.900880371004238441e+03
2.870857644973631068e+03
2.841058916120454342e+03
2.811498481980409451e+03
2.782175783388699529e+03
2.753105117881025762e+03
2.724300782993088887e+03
2.695762219560091580e+03
2.667496296767485092e+03
2.639509883800721127e+03
2.611817278195500876e+03
2.584425349137276953e+03
2.557333537461250216e+03
2.530548712352872371e+03
2.504077742997595578e+03
2.477920070230621150e+03
2.452082563237400791e+03
2.426572091203386208e+03
2.401388094963779167e+03
2.376537443704031375e+03
2.352034434959844020e+03
2.327878509566418870e+03
2.304083984492552190e+03
2.280657826089164246e+03
2.257599591790020440e+03
2.234916267379136116e+03
2.212622266990777007e+03
2.190709719708456760e+03
2.169185611316191626e+03
2.148056927597996491e+03
2.127323225987636306e+03
2.106984063918876473e+03
2.087046427175731424e+03
2.067509873191967017e+03
2.048388816101848533e+03
2.029667956638640362e+03
2.011369137286857949e+03
1.993484487130016532e+03
1.976020991952131226e+03
1.958978209186966751e+03
1.942355696268289194e+03
1.926167867330362469e+03
1.910399423106452787e+03
1.895064777730824289e+03
1.880156060286992897e+03
1.865680256558973497e+03
1.851629495630280871e+03
1.838010763284930817e+03
1.824831045306937767e+03
1.812075042429567247e+03
1.799757168787084083e+03
1.787876981813253678e+03
1.776426610591591270e+03
1.765413040906111519e+03
1.754835830190579827e+03
1.744687107528511433e+03
1.734966430353671740e+03
1.725680784450074952e+03
1.716829727251486702e+03
1.708397959491172287e+03
1.700392466953146595e+03
1.692812807071174802e+03
1.685658537279022312e+03
1.678914358309953741e+03
1.672594684298234597e+03
1.666684215977129725e+03
1.661182510780404755e+03
1.656089126141824408e+03
1.651396191144903696e+03
1.647110691573658187e+03
1.643224756511602209e+03
1.639737943392501847e+03
1.636649879929303779e+03
1.633953046601432561e+03
1.631647422517745554e+03
1.629732986787098980e+03
1.628194861817850096e+03
1.627033026718855581e+03
1.626247460598972339e+03
1.625830714216806882e+03
1.625767909980716240e+03
1.626073883700057195e+03
1.626718901082686671e+03
1.627717797937960995e+03
1.629063125024487817e+03
1.630747433100873195e+03
1.632755844575474157e+03
1.635103195257647485e+03
1.637767179205500270e+03
1.640755203878138900e+03
1.644052391683920405e+03
1.647666150081951628e+03
1.651581601480589370e+03
1.655791296638440372e+03
1.660302643014611476e+03
1.665100763017459258e+03
1.670178207405590911e+03
1.675534955287863113e+03
1.681148700722382500e+03
1.687034279518506082e+03
1.693161957384090783e+03
1.699531713427993054e+03
1.706143526759069800e+03
1.712982519785677823e+03
1.720056099966924421e+03
1.727341961360915548e+03
1.734847511426758956e+03
1.742565300923060249e+03
1.750487880608427304e+03
1.758607801241466632e+03
1.766925041931034912e+03
1.775424725085489172e+03
1.784099401463435697e+03
1.792934193473231517e+03
1.801929080223734218e+03
1.811069184123299692e+03
1.820347055930534680e+03
1.829755246404046602e+03
1.839286306302442199e+03
1.848947643084827860e+03
1.858724379159560613e+03
1.868609065285247198e+03
1.878601753783021422e+03
1.888702789823123567e+03
1.898890306737320998e+03
1.909164722908131807e+03
1.919511600017572391e+03
1.929923928097911130e+03
1.940394697181414813e+03
1.950909468950101200e+03
1.961453805085986687e+03
1.972042980672090152e+03
1.982647700689928342e+03
1.993290668572768254e+03
2.003942589302127772e+03
2.014626166311274119e+03
2.025312104581724725e+03
2.036015679196496876e+03
2.046722451837608105e+03
2.057417984187075945e+03
2.068102694627417350e+03
2.078762144840650308e+03
2.089381896508791669e+03
2.099962368014359072e+03
2.110489121039370275e+03
2.120962573966341552e+03
2.131375716827541964e+03
2.141728968005487786e+03
2.152007889182195413e+03
2.162220327090435148e+03
2.172366700112721901e+03
2.182425141580823947e+03
2.192410926577758346e+03
2.202294760085042981e+03
2.212084488835444972e+03
2.221765674510981626e+03
2.231323878793670701e+03
2.240766948416279320e+03
2.250080445060824786e+03
2.259257358759574799e+03
2.268305536245296480e+03
2.277210539200007133e+03
2.285972786006224851e+03
2.294592695046466361e+03
2.303070684703248844e+03
2.311399745008840455e+03
2.319572865995508437e+03
2.327590466045769517e+03
2.335438106841641456e+03
2.343116206765641891e+03
2.350617755850038520e+03
2.357935744127097678e+03
2.365063166813498356e+03
2.372000468213810564e+03
2.378740669466766121e+03
2.385284220061345877e+03
2.391638997836780163e+03
2.397790595581551770e+03
2.403746891134891484e+03
2.409500905635529762e+03
2.415045660222198421e+03
2.420396461084378643e+03
2.425531472660301461e+03
2.430466001139448508e+03
2.435185639310300303e+03
2.439690836661838603e+03
2.443982042683044256e+03
2.448059706862899020e+03
2.451916850340133806e+03
2.455546494253479977e+03
2.458956516442168322e+03
2.462132509694679811e+03
2.465082351850247051e+03
2.467799064047600041e+03
2.470275667425470601e+03
2.472527468173339003e+03
2.474540059079687580e+03
2.476328746333997515e+03
2.477886551074998806e+03
2.479213922791674122e+03
2.480311310973004311e+03
2.481186593458220159e+03
2.481825363035802638e+03
2.482242925895233384e+03
2.482432303175244215e+03
2.482386516014565132e+03
2.482120870602678224e+03
2.481620959728064463e+03
2.480902089580205029e+03
2.479957281297831287e+03
2.478794412720174023e+03
2.477399076635715119e+03
2.475794007584185238e+03
2.473972226704316199e+03
2.471926755134838004e+03
2.469672899065233651e+03
2.467211107984482624e+03
2.464534403031317197e+03
2.461650662044968158e+03
2.458560334514417264e+03
2.455263869928644908e+03
2.451761717776633304e+03
2.448069116741241487e+03
2.444171322077846071e+03
2.440083234936202643e+03
2.435812328115815490e+03
2.431351217715690382e+03
2.426699948185082121e+03
2.421880849023995779e+03
2.416879107981185825e+03
2.411702197856158364e+03
2.406350163098167286e+03
2.400837904856969089e+03
2.395150610881317789e+03
2.389303182320968517e+03
2.383303091975426923e+03
2.377135527593447932e+03
2.370815390324786222e+03
2.364350152968947441e+03
2.357732431624935998e+03
2.350969699092257088e+03
2.344061999820166420e+03
2.337016806608168281e+03
2.329841592255768774e+03
2.322536401212221335e+03
2.315101277926782586e+03
2.307558551899456688e+03
2.299893410878999930e+03
2.292128184365415564e+03
2.284255488457709816e+03
2.276282795955387883e+03
2.268217579657954502e+03
2.260067312364914415e+03
2.251832038525522421e+03
2.243511802589035597e+03
2.235121505705206346e+03
2.226661192323291743e+03
2.218130906892546136e+03
2.209538122212474718e+03
2.200897739432831713e+03
2.192194946302373864e+03
2.183452072321104424e+03
2.174669161938280467e+03
2.165846259603154977e+03
2.156990838115234510e+03
2.148102941923773415e+03
2.139197472178527278e+03
2.130274473328750446e+03
2.121333989823699085e+03
2.112383494462877024e+03
2.103430460045789914e+03
2.094474931021693465e+03
2.085531738349412080e+03
2.076585718823053412e+03
2.067666209147297195e+03
2.058757975925319442e+03
2.049868070811049165e+03
2.041010973808663721e+03
2.032178879871592699e+03
2.023386269004012547e+03
2.014640192859851823e+03
2.005925418042288811e+03
1.997271281256001203e+03
1.988662549104167283e+03
1.980106273240715382e+03
1.971624362020073022e+03
1.963194153695168552e+03
1.954844984970679434e+03
1.946569050800034347e+03
1.938373402837161620e+03
1.930257664385738281e+03
1.922228887099693111e+03
1.914301550983204379e+03
1.906467850989699400e+03
1.898727410422856792e+03
1.891094709286854140e+03
1.883569370885370063e+03
1.876158446872331979e+03
1.868854132201168568e+03
1.861678335226307127e+03
1.854615822550926168e+03
1.847681074179204415e+03
1.840873713414818440e+03
1.834193363561446859e+03
1.827654504623268622e+03
1.821249331553710817e+03
1.814984896006701319e+03
1.808868249636169139e+03
1.802899015745791758e+03
1.797076817639246883e+03
1.791408706970463072e+03
1.785894307043118260e+03
1.780540669511140322e+03
1.775339989327957710e+03
1.770314174847997947e+03
1.765440564324189609e+03
1.760741066110960219e+03
1.756215303511987713e+03
1.751855471480701226e+03
1.747668621671027495e+03
1.743654377386645820e+03
1.739827218631733103e+03
1.736171908285295558e+03
1.732695479380399092e+03
1.729404961225937541e+03
1.726299954780553890e+03
1.723387489353142428e+03
1.720652309201846492e+03
1.718108871985810083e+03
1.715756778663676869e+03
1.713595630194089608e+03
1.711625027535692652e+03
1.709844571647129442e+03
1.708261291837293584e+03
1.706867360714578808e+03
1.705669807587878950e+03
1.704668233415837221e+03
1.703854810806847581e+03
1.703236569069803181e+03
1.702820537513598083e+03
1.702591460396375624e+03
1.702563795377280030e+03
1.702729715064704351e+03
1.703088820417292027e+03
1.703640712393687409e+03
1.704384991952533483e+03
1.705328688402724538e+03
1.706463974352653622e+03
1.707790450760964632e+03
1.709300290236051069e+03
1.711007950437056479e+03
1.712905603972374593e+03
1.714985423450399594e+03
1.717247009829774015e+03
1.719697392419392600e+03
1.722336172177898106e+03
1.725148093363434327e+03
1.728140185284895551e+03
1.731312048900924538e+03
1.734663285170165864e+03
1.738193495051261834e+03
1.741894851152607316e+03
1.745766954432845068e+03
1.749809405850619441e+03
1.754021806364573649e+03
1.758396328583101649e+03
1.762940001815096821e+03
1.767630141968453017e+03
1.772488635052563268e+03
1.777492796975321426e+03
1.782657085395871718e+03
1.787966244572357027e+03
1.793419939662470824e+03
1.799010664269854260e+03
1.804745832897697255e+03
1.810625431698939792e+03
1.816627161775772493e+03
1.822773294331885381e+03
1.829041530469469308e+03
1.835431856341464709e+03
1.841951686451060823e+03
1.848586150250698893e+03
1.855335233893318900e+03
1.862206351882111221e+03
1.869177205319265795e+03
1.876255208707973225e+03
1.883440348201173492e+03
1.890717753251307840e+03
1.898087410011315569e+03
1.905549304634136888e+03
1.913095994922463206e+03
1.920727467029234049e+03
1.928436278757139462e+03
1.936222416259120109e+03
1.944085865688116428e+03
1.952019184846818462e+03
1.960022359888166193e+03
1.968087948614850802e+03
1.976215937179812272e+03
1.984406311735989902e+03
1.992636773385575680e+03
2.000922164982008098e+03
2.009255044327979022e+03
2.017620540875928327e+03
2.026026069129045482e+03
2.034464186890021438e+03
2.042920023611296756e+03
2.051408422146310841e+03
2.059907083597254768e+03
2.068423422467319142e+03
2.076949996559193096e+03
2.085479363675568038e+03
2.094004081619134013e+03
2.102524136542830547e+03
2.111039514599598533e+03
2.119535345241878531e+03
2.128011614622610068e+03
2.136460880544484098e+03
2.144883129160441058e+03
2.153270918273170537e+03
2.161624234035613426e+03
2.169935634250459771e+03
2.178197739843864838e+03
2.186403424235848433e+03
2.194560480670394554e+03
2.202661845690985956e+03
2.210700455841108123e+03
2.218669247664244722e+03
2.226583442754629687e+03
2.234428549305497654e+03
2.242204932210582228e+03
2.249905528013367984e+03
2.257530701607588981e+03
2.265073389536728428e+03
2.272533956694522203e+03
2.279897911274203125e+03
2.287165618169505706e+03
2.294337442274164005e+03
2.301398891781412203e+03
2.308357759935234299e+03
2.315192126578614989e+03
2.321917213305788209e+03
2.328518528309987232e+03
2.334989008134697542e+03
2.341336446023901772e+03
2.347546350170835012e+03
2.353619085469231777e+03
2.359562445163075608e+03
2.365369365795850626e+03
2.371040212261290435e+03
2.376575349453130457e+03
2.381967713914853903e+03
2.387225098890445224e+03
2.392333012573138603e+03
2.397299248206918037e+03
2.402109313985017252e+03
2.406763574801171217e+03
2.411247538848613658e+03
2.415568999371328573e+03
2.419720892912800082e+03
2.423688727666262366e+03
2.427487725225950271e+03
2.431103393785096614e+03
2.434543526587686756e+03
2.437801060177203908e+03
2.440876359447382583e+03
2.443762360941707811e+03
2.446466857904161770e+03
2.448990215228480338e+03
2.451325369458146724e+03
2.453480113837145382e+03
2.455447384908960430e+03
2.457227556742979687e+03
2.458828468461457760e+03
2.460235683311552293e+03
2.461457049591171653e+03
2.462478130547473029e+03
2.463291917777864910e+03
2.463898831230006181e+03
2.464299290851553451e+03
2.464486288239915666e+03
2.464460243342750346e+03
2.464221576107715464e+03
2.463785563182969781e+03
2.463145196165920879e+03
2.462308323354476670e+03
2.461282793046545066e+03
2.460069025189784497e+03
2.458660011381602999e+03
2.457056171569657636e+03
2.455250497351357808e+03
2.453235980324110187e+03
2.451005612085324174e+03
2.448559812582656832e+03
2.445891573413516198e+03
2.443008742875811095e+03
2.439919169267448524e+03
2.436623272536086915e+03
2.433128900979634636e+03
2.429436474545749661e+03
2.425561269882588931e+03
2.421503706937811785e+03
2.417264205659075742e+03
2.412835757643789293e+03
2.408211354489359564e+03
2.403398844493695378e+03
2.398383790903953923e+03
2.393159185317543688e+03
2.387732876032373042e+03
2.382112711346349442e+03
2.376284254506631441e+03
2.370277638861876767e+03
2.364085856009493000e+03
2.357716754247388963e+03
2.351170753523222174e+03
2.344470558835400880e+03
2.337594305080832783e+03
2.330557268907676189e+03
2.323345013563089196e+03
2.315965387344980172e+03
2.308411381850756243e+03
2.300675988677825444e+03
2.292774422511376997e+03
2.284699365133968513e+03
2.276458293065689759e+03
2.268051254476378290e+03
2.259500582586624205e+03
2.250791468865765182e+03
2.241946246534391321e+03
2.232964963762340631e+03
2.223847668719452031e+03
2.214594409575564441e+03
2.205212662850766719e+03
2.195695048364647391e+03
2.186056470987545708e+03
2.176289550539050651e+03
2.166394335189000685e+03
2.156385729807734151e+03
2.146248925864590547e+03
2.135991399879658729e+03
2.125620628373026648e+03
2.115129231164284647e+03
2.104524684773520221e+03
2.093814465720822682e+03
2.082991193825781465e+03
2.072069773958734459e+03
2.061050254289520581e+03
2.049940111338228689e+03
2.038739393274698159e+03
2.027470433319517724e+03
2.016118422942025973e+03
2.004698267012561473e+03
1.993202585350712980e+03
1.981646282826819970e+03
1.970021979260470971e+03
1.958329722821504220e+03
1.946576990030010165e+03
1.934763829055825909e+03
1.922890288068790596e+03
1.910971271939243934e+03
1.898991972136523827e+03
1.886974721881219466e+03
1.874912140992920058e+03
1.862811705991714007e+03
1.850673465047440004e+03
1.838512323030437301e+03
1.826313471410043803e+03
1.814099243406849382e+03
1.801862258840442564e+03
1.789609994230911980e+03
1.777349926098346941e+03
1.765082102612585459e+03
1.752806510197511898e+03
1.740537744993688648e+03
1.728275484695225259e+03
1.716019406996228554e+03
1.703776617941057111e+03
1.691546795223818663e+03
1.679344473239121726e+03
1.667161901330824094e+03
1.655006185543283891e+03
1.642877003570609077e+03
1.630781461457158230e+03
1.618726665247289020e+03
1.606712292635109634e+03
1.594738021314728030e+03
1.582803528980252395e+03
1.570923350026290564e+03
1.559089733796701012e+03
1.547302357985591698e+03
1.535575756987570685e+03
1.523909608496746159e+03
1.512296161856975687e+03
1.500749951462868012e+03
1.489278083358780805e+03
1.477865378538322148e+03
1.466533799746350496e+03
1.455275596326723416e+03
1.444097874323799715e+03
1.433007739781936607e+03
1.422004870395242506e+03
1.411088943857826052e+03
1.400259637863794296e+03
1.389531486807755982e+03
1.378896740033569131e+03
1.368362503585591867e+03
1.357928455157932149e+03
1.347594272444697935e+03
1.337367061490247579e+03
1.327246499988689038e+03
1.317239693984379983e+03
1.307338892821179343e+03
1.297558630893694499e+03
1.287891157545783926e+03
1.278343578821805522e+03
1.268915572415867246e+03
1.259614244372327676e+03
1.250431844035044151e+03
1.241382905798625416e+03
1.232459679006929264e+03
1.223661841354063654e+03
1.215003927234636876e+03
1.206478173348002883e+03
1.198084194165750205e+03
1.189829019865212786e+03
1.181704823923224922e+03
1.173726064867370951e+03
1.165884916174485170e+03
1.158188408021901751e+03
1.150628713886454989e+03
1.143212863945479057e+03
1.135947888376308356e+03
1.128825960655777180e+03
1.121854110961219703e+03
1.115031941119719932e+03
1.108359052958362781e+03
1.101835048304231805e+03
1.095459528984411691e+03
1.089239525176236384e+03
1.083167210356540181e+03
1.077249614702657709e+03
1.071486340041673202e+03
1.065869559850420274e+03
1.060406304306233778e+03
1.055096175236197951e+03
1.049946202817646963e+03
1.044941132177164718e+03
1.040087993492085843e+03
1.035393816939744738e+03
1.030850775996975017e+03
1.026458472490861823e+03
1.022223936598738987e+03
1.018139341797440693e+03
1.014204289914050946e+03
1.010418382775654663e+03
1.006788650559585449e+03
1.003307266742678166e+03
9.999738331520165957e+02
9.967953799649351367e+02
9.937640806582683126e+02
9.908795370591000164e+02
9.881413509945147098e+02
9.855491242915963994e+02
9.831098871276797126e+02
9.808083846293487795e+02
9.786590753241878247e+02
9.766467043387808644e+02
9.747783018504626398e+02
9.730534696863167028e+02
9.714718096734279698e+02
9.700254952886307365e+02
9.687215567092588344e+02
9.675447882973575133e+02
9.665098947578143225e+02
9.656019166299779499e+02
9.648281795039467852e+02
9.641737239190695163e+02
9.636533038156945850e+02
9.632519597331702244e+02
9.629770172615953925e+02
9.628283736408183131e+02
9.627910694101874469e+02
9.628798585100514629e+02
9.630797814797589353e+02
9.633907355591578607e+02
9.638274746885974764e+02
9.643676110571756226e+02
9.650258986052411956e+02
9.658022345726426465e+02
9.666816594987283224e+02
9.676714989735970676e+02
9.687716502370969920e+02
9.699745821788268358e+02
9.712801920386348229e+02
9.726735203558698686e+02
9.741693210708803008e+02
9.757452063727645282e+02
9.774159302018709923e+02
9.791665330975487223e+02
9.809969122996456008e+02
9.829218217485101832e+02
9.849188736332413328e+02
9.870028218941873774e+02
9.891587070706968916e+02
9.914012831031179758e+02
9.937155905307997728e+02
9.961089549438403310e+02
9.985664168815883386e+02
1.001080445233642308e+03
1.003665793940350568e+03
1.006307503541061919e+03
1.008998042925374762e+03
1.011744737683387257e+03
1.014540056704698259e+03
1.017376468878906394e+03
1.020268728146359763e+03
1.023201875046407054e+03
1.026175806818896945e+03
1.029190420703677773e+03
1.032245613940597877e+03
1.035333855419255997e+03
1.038455042379500810e+03
1.041601700190285555e+03
1.044774008488235268e+03
1.047972203389329025e+03
1.051196521009547723e+03
1.054432340764370110e+03
1.057687327120026112e+03
1.060954287842246003e+03
1.064233459047008864e+03
1.067517648500044970e+03
1.070814520667584020e+03
1.074116883315355608e+03
1.077424972559339494e+03
1.080731596165265728e+03
1.084036990249113614e+03
1.087333962576613430e+03
1.090630177613994420e+03
1.093911014776736920e+03
1.097191566881320114e+03
1.100449784992974173e+03
1.103700761928178736e+03
1.106929877102413229e+03
1.110144794981908035e+03
1.113330894982142809e+03
1.116495841569346794e+03
1.119632442509250268e+03
1.122748362268082701e+03
1.125828980261324205e+03
1.128881960955204022e+03
1.131892683765202491e+03
1.134876241507799023e+03
1.137818013598473499e+03
1.140718236153205453e+03
1.143577145287974872e+03
1.146394977118761744e+03
1.149164539411295209e+03
1.151886068281555708e+03
1.154559799845522548e+03
1.157178541868925549e+03
1.159742530467744928e+03
1.162252001757959761e+03
1.164707191855550036e+03
1.167100908526246030e+03
1.169433387886026821e+03
1.171704866050872624e+03
1.173915579136762972e+03
1.176058334909427458e+03
1.178140797835096464e+03
1.180155775679499129e+03
1.182096076208365503e+03
1.183976792238175449e+03
1.185775889793526858e+03
1.187508536487742276e+03
1.189160201492512670e+03
1.190746067380528530e+03
1.192251603323480595e+03
1.193677135193560161e+03
1.195030417213207784e+03
1.196296918554113745e+03
1.197491821788969673e+03
1.198600596089465625e+03
1.199630995678043064e+03
1.200575918076642211e+03
1.201443117507704301e+03
1.202225491493169784e+03
1.202923365905229957e+03
1.203537066616074981e+03
1.204066919497895924e+03
1.204513250422883857e+03
1.204868956912979456e+03
1.205134364840373109e+03
1.205317228427506052e+03
1.205410445196318506e+03
1.205414341019002450e+03
1.205336670117997528e+03
1.205162901664994934e+03
1.204893361532185509e+03
1.204543232292259972e+03
1.204105411467159229e+03
1.203572796578824182e+03
1.202960570199945323e+03
1.202254201502213618e+03
1.201461444708069621e+03
1.200582625689704400e+03
1.199610641969059088e+03
1.198553247768573783e+03
1.197410768960439555e+03
1.196176103066597307e+03
1.194857004309487820e+03
1.193453798561301710e+03
1.191951954993729942e+03
1.190374084529713400e+03
1.188705656340942824e+03
1.186954424649858765e+03
1.185113286978402357e+03
1.183189997549014151e+03
1.181184882233884991e+03
1.179098266905205719e+03
1.176923049084917011e+03
1.174666982995460103e+03
1.172330394509025155e+03
1.169913573502115241e+03
1.167416665868480322e+03
1.164847209856430936e+03
1.162190458663529171e+03
1.159461378888336640e+03
1.156652652078664687e+03
1.153771816482824761e+03
1.150818981998878598e+03
1.147794258524887482e+03
1.144697755958912694e+03
1.141529584199016426e+03
1.138297281493509445e+03
1.134993529390203776e+03
1.131625866137410640e+03
1.128194401633191546e+03
1.124691817425358067e+03
1.121125651762221878e+03
1.117496014541844261e+03
1.113810444012536664e+03
1.110061621722110885e+03
1.106257085918877920e+03
1.102396946500899958e+03
1.098481313366238055e+03
1.094510296412953494e+03
1.090484005539108239e+03
1.086409978993013738e+03
1.082288326672731046e+03
1.078111730126072189e+03
1.073895155951598554e+03
1.069631285697121712e+03
1.065320229260702718e+03
1.060969524890653474e+03
1.056579282485035492e+03
1.052149611941910052e+03
1.047680623159338893e+03
1.043172426035383296e+03
1.038632558818354937e+03
1.034061131406315099e+03
1.029458253697325517e+03
1.024816607239197765e+03
1.020158586980742825e+03
1.015469446119522786e+03
1.010756722903848981e+03
1.006027955582032632e+03
1.001275825701885651e+03
9.965004431614694340e+02
9.917093462090950879e+02
9.869100730930747432e+02
9.820953053612194026e+02
9.772651529115909170e+02
9.724271067492417160e+02
9.675810405559404899e+02
9.627267807701960010e+02
9.578715821807680868e+02
9.530078428759160261e+02
9.481428176443993152e+02
9.432763329247272850e+02
9.384156435056590908e+02
9.335605758257047455e+02
9.287035279731233004e+02
9.238517547366741383e+02
9.190125109051170966e+02
9.141781945667108857e+02
9.093560605102154568e+02
9.045533635243899653e+02
8.997550733472440925e+02
8.949758731177871596e+02
8.902155892745281562e+02
8.854740482559773227e+02
8.807436481503934829e+02
8.760465004470360100e+02
8.713601465336647607e+02
8.667066978995388808e+02
8.620711242826677108e+02
8.574681088220609126e+02
8.528900496059775378e+02
8.483442014231774237e+02
8.438303907121696739e+02
8.393558722617137846e+02
8.349130441600693757e+02
8.305017328457456642e+02
8.261291931075020329e+02
8.218026797340979783e+02
8.175071624635430680e+02
8.132573244348463959e+02
8.090455637362675816e+02
8.048791351565661216e+02
8.007578651342511193e+02
7.966815801078323602e+02
7.926501065158190613e+02
7.886706991469707191e+02
7.847431844397966643e+02
7.808599604825562892e+02
7.770282820640092041e+02
7.732479756226646259e+02
7.695262959472820512e+02
7.658556411261210997e+02
7.622432659479406993e+02
7.586815685010008110e+02
7.551852319243104148e+02
7.517392112747616011e+02
7.483506879355255705e+02
7.450268286086558192e+02
7.417599432957061936e+02
7.385571986987300761e+02
7.354183331695314791e+02
7.323430850599138466e+02
7.293311927216808499e+02
7.263749661563859945e+02
7.234964287665831080e+02
7.206730338533259328e+02
7.179193764689179034e+02
7.152351949651625773e+02
7.126127993436138013e+02
7.100593563063252986e+02
7.075671758548504613e+02
7.051508530414932920e+02
7.028026978678070691e+02
7.005224486855955774e+02
6.983098438466624884e+02
6.961646217028114734e+02
6.940939489560961420e+02
6.920901356080701134e+02
6.901521771755119516e+02
6.882872403604756073e+02
6.864928350096893155e+02
6.847686994749570886e+02
6.831145721080823705e+02
6.815301912608690600e+02
6.800160381201453674e+02
6.785718510377151915e+02
6.771973683653823173e+02
6.758923284549500750e+02
6.746564696582223633e+02
6.734902731620276199e+02
6.723927344831448636e+02
6.713643348084023046e+02
6.704040696545788478e+02
6.695116773734780509e+02
6.686883819869535728e+02
6.679324361767590972e+02
6.672435782946981817e+02
6.666215466925746114e+02
6.660668225572168240e+02
6.655769157353537366e+02
6.651530502488388947e+02
6.647934787794257545e+02
6.644986825139432085e+02
6.642669141341447130e+02
6.640979119918341667e+02
6.639914414168702024e+02
6.639466328163084654e+02
6.639626435752593352e+02
6.640386310788334185e+02
6.641759812172164175e+02
6.643716228704440709e+02
6.646261990936766324e+02
6.649388672720250497e+02
6.653087847905998160e+02
6.657343661994865442e+02
6.662162545538458289e+02
6.667528644037632830e+02
6.673433531343496270e+02
6.679868781307154677e+02
6.686825967779710709e+02
6.694296664612274981e+02
6.702272445655951287e+02
6.710744884761846833e+02
6.719705555781065414e+02
6.729138604214466568e+02
6.739043032263406303e+02
6.749410413778986140e+02
6.760217465911817953e+02
6.771463190863254340e+02
6.783131734134152566e+02
6.795214669575617563e+02
6.807703571038758810e+02
6.820582584024427888e+02
6.833835854033483201e+02
6.847462383267281893e+02
6.861446317226678957e+02
6.875764373062280583e+02
6.890422981325692717e+02
6.905398859167521550e+02
6.920676152088624349e+02
6.936253862290355983e+02
6.952108706923321506e+02
6.968239688188881473e+02
6.984623523237636391e+02
7.001244357570445800e+02
7.018101193388665706e+02
7.035170747842900028e+02
7.052444594784257106e+02
7.069899451363343132e+02
7.087534319781511840e+02
7.105325917189372831e+02
7.123265817438031036e+02
7.141330737678090372e+02
7.159519680110909121e+02
7.177809361887093473e+02
7.196191742669159339e+02
7.214652897015009785e+02
7.233201570344713218e+02
7.251749939525083164e+02
7.270403318529433818e+02
7.289088740925083130e+02
7.307807523781845020e+02
7.326560984169533413e+02
7.345276155655465118e+02
7.363954355309454058e+02
7.382596900201318704e+02
7.401279390903370086e+02
7.419854577480424496e+02
7.438398060504798650e+02
7.456911157046305334e+02
7.475246617169763113e+02
7.493554324949984675e+02
7.511761313954284560e+02
7.529794617749980716e+02
7.547804120411886970e+02
7.565568288502317955e+02
7.583237006096088635e+02
7.600737306760515821e+02
7.618070507565413436e+02
7.635163642078096018e+02
7.652092310870881420e+02
7.668857831013582427e+02
7.685387236073514714e+02
7.701681843120494477e+02
7.717668685721836255e+02
7.733497647952353873e+02
7.749021479876865897e+02
7.764241498565183974e+02
7.779159021087125438e+02
7.793849648015004732e+02
7.808240412916137529e+02
7.822258349357838370e+02
7.835979057912422832e+02
7.849329572147205454e+02
7.862385492634502953e+02
7.875073852941627592e+02
7.887395970138400116e+02
7.899427444797129283e+02
7.911021026982634794e+02
7.922178033764729435e+02
7.932974065715729921e+02
7.943410439905449039e+02
7.953339906398705352e+02
7.962912349270311552e+02
7.971980518585085065e+02
7.980694441443149572e+02
7.988907583035870630e+02
7.996696402087426350e+02
8.004063073819492047e+02
8.010935489951245927e+02
8.017315825704362169e+02
8.023206256300517225e+02
8.028683240463891480e+02
8.033600386411155796e+02
8.038108436368989942e+02
8.042060998554069329e+02
8.045534531690572067e+02
8.048456927497672950e+02
8.050904644699546679e+02
8.052805575015372597e+02
8.054236177169328812e+02
8.055124342880586710e+02
8.055546530873325537e+02
8.055430632866722362e+02
8.054778824082451365e+02
8.053593279742191271e+02
8.051876175067616259e+02
8.049703968782906713e+02
8.046930269104734634e+02
8.043631534757278132e+02
8.039809940962214796e+02
8.035393379438719421e+02
8.030458308910968981e+02
8.025006904600641064e+02
8.019041341729409851e+02
8.012489512016454682e+02
8.005427874185949122e+02
7.997784319957071375e+02
7.989635308053997278e+02
7.980908730195901626e+02
7.971681045106964802e+02
7.961880144506360466e+02
7.951508203615765069e+02
7.940641681159355585e+02
7.929282752358808466e+02
7.917359308933301918e+02
7.904873526104507846e+02
7.891827579094106113e+02
7.878297926626274830e+02
7.864212460420186517e+02
7.849573355697518764e+02
7.834457071182448544e+02
7.818791498594151790e+02
7.802578813154307227e+02
7.785895473587088418e+02
7.768743461385953424e+02
7.751049699628980534e+02
7.732815201168526755e+02
7.714115262359454164e+02
7.694950896054120904e+02
7.675323115104885119e+02
7.655232932364106091e+02
7.634607077181641444e+02
7.613520845912352115e+02
7.591975251408595113e+02
7.569971306522731993e+02
7.547510024107117488e+02
7.524592417014112016e+02
7.501219498096077132e+02
7.477392280205369843e+02
7.453186059696847678e+02
7.428527565920372808e+02
7.403492095230800487e+02
7.378006376977990612e+02
7.352071424014304739e+02
7.325836816197097505e+02
7.299154999373731698e+02
7.272026986396564325e+02
7.244602357122953435e+02
7.216733557400258405e+02
7.188570167085840694e+02
7.160038915529554515e+02
7.131140815583762560e+02
7.101951163603323494e+02
7.072396688938093803e+02
7.042552687942934426e+02
7.012345889967702988e+02
6.981851591367259289e+02
6.951145088496460858e+02
6.920078827202669345e+02
6.888802387343240525e+02
6.857168214765534913e+02
6.825325889326910556e+02
6.793276423879727872e+02
6.760909406022593657e+02
6.728337273861619678e+02
6.695546183548660792e+02
6.662544576286328493e+02
6.629333464926982060e+02
6.595928719023478379e+02
6.562338779778430080e+02
6.528579516744690636e+02
6.494651942774622739e+02
6.460571927421084411e+02
6.426347911886683733e+02
6.391988024501683867e+02
6.357513998807456801e+02
6.322917542072030983e+02
6.288212646614178993e+02
6.253413304752681370e+02
6.218518652105810816e+02
6.183535252642095656e+02
6.148477098680310746e+02
6.113350754188983274e+02
6.078162783136639291e+02
6.042919749491803714e+02
6.007650502273756956e+02
5.972346748750520646e+02
5.937029909591122987e+02
5.901713977114339968e+02
5.866398086938446568e+02
5.831096231382222186e+02
5.795822402764440540e+02
5.760575736703378880e+02
5.725370225517813196e+02
5.690212433176269542e+02
5.655108923647273969e+02
5.620066260899353665e+02
5.585098437251283485e+02
5.550212016671591755e+02
5.515420991479052191e+02
5.480724497291943180e+02
5.446136526429039577e+02
5.411671071209118509e+02
5.377327267250454952e+02
5.343119106871827171e+02
5.309045725691510142e+02
5.275128544378529796e+02
5.241366698551164518e+02
5.207766752177938088e+02
5.174342697577625358e+02
5.141086242018258190e+02
5.108026234519107334e+02
5.075161810698451745e+02
5.042499534524816909e+02
5.010045969966730013e+02
4.977822537693215850e+02
4.945820944972301163e+02
4.914062612473012450e+02
4.882539247463377023e+02
4.851272270612419106e+02
4.820268245888664751e+02
4.789518880560143543e+02
4.759045595295878002e+02
4.728847525714146514e+02
4.698931094221825333e+02
4.669302156979189249e+02
4.639973856935118874e+02
4.610937051987738755e+02
4.582204885085926094e+02
4.553783070828309292e+02
4.525677323813515613e+02
4.497893358640170050e+02
4.470436889906901570e+02
4.443306203862086932e+02
4.416507015104351694e+02
4.390052466582575335e+02
4.363933416194883534e+02
4.338170435240404004e+02
4.312754381617263562e+02
4.287698398274338842e+02
4.262993343109758371e+02
4.238652359072397644e+02
4.214681160760884495e+02
4.191070606073345743e+02
4.167841266308909098e+02
4.144976571015452009e+02
4.122489663141849974e+02
4.100386257286730824e+02
4.078664639698472456e+02
4.057323096625450489e+02
4.036374771016543832e+02
4.015817949120128105e+02
3.995658345534831142e+02
3.975886818158779761e+02
3.956516509940851165e+02
3.937545707129422681e+02
3.918972695972870497e+02
3.900795762719572508e+02
3.883013193617906040e+02
3.865638131616747728e+02
3.848661434614224390e+02
3.832081388858714490e+02
3.815903708948843018e+02
3.800126681132989006e+02
3.784748591659528074e+02
3.769775155127089192e+02
3.755197229433797474e+02
3.741020529178280754e+02
3.727243340608916924e+02
3.713856521623832236e+02
3.700873215171903325e+02
3.688284279151258147e+02
3.676080571460024089e+02
3.664282663397327156e+02
3.652866679827379244e+02
3.641838953681725002e+02
3.631198513208244094e+02
3.620944386654815048e+02
3.611075602269318665e+02
3.601583759949382397e+02
3.592475316293135847e+02
3.583741871198208742e+02
3.575382452912480176e+02
3.567396089683828677e+02
3.559781809760135047e+02
3.552538641389276677e+02
3.545658184468882723e+02
3.539139467246833988e+02
3.532981517971008998e+02
3.527183364889286850e+02
3.521736607899296132e+02
3.516640275248916510e+02
3.511885966835777708e+02
3.507472710907758255e+02
3.503399535712737247e+02
3.499658041148343841e+02
3.496247255462458838e+02
3.493158778552709123e+02
3.490391638666974927e+02
3.487944864053135348e+02
3.485802626258570172e+02
3.483971381881407865e+02
3.482442730819277585e+02
3.481208272969809059e+02
3.480267036580881381e+02
3.479610621550123710e+02
3.479230627775164635e+02
3.479133511854134326e+02
3.479303445334410867e+02
3.479732028113623983e+02
3.480425716789903845e+02
3.481368682910627967e+02
3.482559954723676583e+02
3.483991132126678849e+02
3.485653815017262787e+02
3.487547031643309197e+02
3.489662381902447805e+02
3.491998894042554866e+02
3.494540739611011873e+02
3.497286946855697920e+02
3.500229115674241598e+02
3.503358845964272064e+02
3.506675165973668982e+02
3.510162247249811003e+02
3.513819357551338385e+02
3.517646722679933191e+02
3.521622522897287126e+02
3.525762080216342724e+02
3.530043574898792826e+02
3.534460043906830151e+02
3.539019380903146725e+02
3.543707194499684761e+02
3.548523950008887482e+02
3.553455256042696533e+02
3.558501577913555138e+02
3.563648524233405510e+02
3.568903988664940243e+02
3.574253579820100981e+02
3.579690334661080442e+02
3.585207290150071913e+02
3.590804911599518050e+02
3.596476235971609867e+02
3.602206871878290144e+02
3.607997284632002106e+02
3.613840511194937903e+02
3.619729588529289686e+02
3.625657553597250740e+02
3.631624871711263154e+02
3.637617151483268572e+02
3.643634858225710218e+02
3.649671028900780243e+02
3.655726128820922440e+02
3.661778338247826809e+02
3.667828122493937713e+02
3.673883375221946608e+02
3.679914848343296967e+02
3.685930435520680248e+02
3.691923173716289739e+02
3.697886099892317020e+02
3.703812251010955379e+02
3.709694664034396396e+02
3.715533804275083298e+02
3.721322708695208235e+02
3.727046985906713985e+02
3.732707101222042638e+02
3.738303519953636851e+02
3.743814422363188896e+02
3.749255130463640739e+02
3.754596396166436421e+02
3.759853541484517336e+02
3.765012175029825130e+02
3.770057905414303718e+02
3.774998626300645128e+02
3.779827374651041509e+02
3.784537315860614513e+02
3.789122129056197537e+02
3.793583050147803988e+02
3.797913886695196766e+02
3.802115874608388708e+02
3.806175393096893913e+02
3.810093678070723513e+02
3.813864537089641544e+02
3.817496634413910215e+02
3.820968920902793116e+02
3.824290060816553591e+02
3.827446433364703466e+02
3.830439274457256147e+02
3.833269820004224471e+02
3.835931877565371906e+02
3.838426683050710153e+02
3.840740615669752742e+02
3.842874911332513648e+02
3.844838234299255078e+02
3.846609535429238917e+02
3.848204907332979587e+02
3.849610729219989480e+02
3.850820808650031495e+02
3.851851238233618346e+02
3.852680968830013626e+02
3.853311236349229034e+02
3.853750705051528485e+02
3.853985754146425506e+02
3.854017619543931801e+02
3.853847537154060774e+02
3.853469314536574757e+02
3.852884187601487724e+02
3.852085963908561439e+02
3.851075879367809875e+02
3.849847741538996502e+02
3.848417643032632895e+02
3.846771963058232018e+02
3.844911937525807843e+02
3.842838802345372073e+02
3.840553793426938114e+02
3.838058146680519371e+02
3.835345669665878745e+02
3.832417598293029073e+02
3.829267740121732686e+02
3.825912187762502867e+02
3.822329892074602071e+02
3.818529517318294779e+02
3.814519727753842062e+02
3.810279474240508080e+02
3.805832277739055485e+02
3.801164445746523484e+02
3.796284283960809489e+02
3.791192598017085515e+02
3.785882765200275912e+02
3.780355591145552694e+02
3.774619309838340655e+02
3.768667298563561303e+02
3.762500362956389495e+02
3.756119308651997244e+02
3.749532369635808777e+02
3.742732923192745602e+02
3.735721774957982575e+02
3.728507158916942785e+02
3.721082452354548309e+02
3.713463317606474448e+02
3.705643131957642709e+02
3.697622701043226243e+02
3.689410258848649278e+02
3.681006611009083827e+02
3.672412563159704746e+02
3.663628920935683482e+02
3.654656489972194322e+02
3.645503504254660925e+02
3.636163341068005366e+02
3.626651662747901241e+02
3.616954418229022394e+02
3.607087269847040716e+02
3.597051023237131062e+02
3.586839055684215509e+02
3.576467029523968222e+02
3.565928322041310707e+02
3.555231167221667761e+02
3.544376370700212533e+02
3.533372166462367545e+02
3.522211931793056578e+02
3.510911329027952092e+02
3.499471163802228375e+02
3.487884813400808071e+02
3.476167940159364775e+02
3.464321349713070504e+02
3.452338419346849605e+02
3.440234811396376244e+02
3.428011331496821299e+02
3.415661356933109118e+02
3.403200550040913299e+02
3.390622288105157054e+02
3.377942233461512842e+02
3.365153763394903876e+02
3.352272540241004890e+02
3.339291941284736822e+02
3.326227454745855425e+02
3.313079015679932695e+02
3.299846385026622215e+02
3.286536752075827508e+02
3.273157306117453800e+02
3.259707808091152970e+02
3.246188018936579738e+02
3.232605127943637626e+02
3.218958896051979650e+02
3.205256512551508763e+02
3.191497738381880822e+02
3.177689762832998213e+02
3.163832346844513950e+02
3.149932679706333261e+02
3.135997950708358530e+02
3.122027920790243911e+02
3.108029779241892356e+02
3.094003287002958018e+02
3.079955633363344987e+02
3.065886579262706277e+02
3.051803313990945412e+02
3.037713026837967050e+02
3.023608050393173698e+02
3.009495573946468880e+02
2.995390215138007761e+02
2.981284306557192281e+02
2.967185037493926529e+02
2.953099597238114598e+02
2.939035175079660576e+02
2.924984103607966972e+02
2.910968428813437185e+02
2.896980483285477135e+02
2.883027456313987500e+02
2.869109108838624138e+02
2.855232630149288866e+02
2.841405209535887479e+02
2.827619179587821918e+02
2.813889157945246211e+02
2.800207477197564572e+02
2.786588754984929324e+02
2.773032752246995756e+02
2.759539229923416883e+02
2.746122805654345598e+02
2.732775812029186682e+02
2.719505438337843088e+02
2.706318873870217772e+02
2.693223307916215958e+02
2.680203644714990787e+02
2.667281930256945088e+02
2.654450497131483075e+02
2.641716428390844271e+02
2.629086382136607085e+02
2.616552053532187188e+02
2.604127422791750064e+02
2.591811613428960754e+02
2.579611177307734238e+02
2.567517809591485047e+02
2.555545490494378669e+02
2.543685915179829635e+02
2.531960492212254508e+02
2.520346060054567090e+02
2.508864027271182238e+02
2.497513517375765559e+02
2.486293653881982380e+02
2.475203560303497738e+02
2.464242360153976392e+02
2.453424033647582689e+02
2.442747704297983091e+02
2.432205067268591563e+02
2.421810102773574158e+02
2.411561934326595065e+02
2.401452257091070237e+02
2.391495051281164024e+02
2.381682012060291527e+02
2.372027119642617663e+02
2.362522069191558955e+02
2.353173412571028393e+02
2.343980273294691870e+02
2.334941774876215561e+02
2.326057040829262235e+02
2.317340051367999365e+02
2.308782501655840917e+02
2.300383515206450795e+02
2.292142215533496028e+02
2.284065154500891879e+02
2.276158883972551052e+02
2.268407670761640702e+02
2.260825495082325176e+02
2.253404052098019292e+02
2.246149893672638598e+02
2.239062143319848133e+02
2.232147352903562307e+02
2.225397217587197076e+02
2.218810860884416911e+02
2.212394834659137359e+02
2.206148262425023461e+02
2.200070267695739119e+02
2.194159973984951080e+02
2.188416504806324099e+02
2.182846412023772018e+02
2.177434001518558944e+02
2.172193448845340242e+02
2.167116683576120408e+02
2.162210491983401823e+02
2.157466803639188981e+02
2.152892404815985685e+02
2.148479225085795576e+02
2.144226622370872235e+02
2.140148811293969686e+02
2.136230293076840780e+02
2.132470425641740519e+02
2.128875995261172136e+02
2.125438931507138420e+02
2.122158592301894373e+02
2.119041763917943229e+02
2.116080375927288628e+02
2.113273786252184152e+02
2.110621352814884233e+02
2.108129861887891536e+02
2.105783814692960902e+02
2.103589997502595565e+02
2.101547768239048537e+02
2.099649056474324880e+02
2.097908076831177198e+02
2.096301902181109824e+02
2.094837318796626278e+02
2.093521112950230645e+02
2.092337785863675492e+02
2.091294123809466328e+02
2.090389484709855310e+02
2.089615798136846934e+02
2.088964993662444840e+02
2.088451285909403055e+02
2.088059176099473859e+02
2.087795450505163046e+02
2.087652038698472836e+02
2.087628298601657661e+02
2.087723588136971387e+02
2.087929836876416516e+02
2.088246402742248620e+02
2.088672643656720140e+02
2.089207917542084942e+02
2.089851582320596890e+02
2.090588139214009971e+02
2.091424374494827134e+02
2.092359646085302813e+02
2.093385883557440650e+02
2.094502444833494508e+02
2.095701259485467745e+02
2.096981685435613940e+02
2.098350635785907343e+02
2.099793245905449055e+02
2.101309634693311921e+02
2.102899921048567080e+02
2.104564223870286810e+02
2.106295233707292880e+02
2.108093069458656998e+02
2.109957850023451158e+02
2.111882265950497413e+02
2.113866436138866902e+02
2.115910479487632756e+02
2.117999658195365669e+02
2.120148947861638362e+02
2.122343610685022099e+02
2.124576337214338935e+02
2.126862103049160453e+02
2.129186170388059338e+02
2.131541229779857076e+02
2.133942256824124968e+02
2.136367085369185475e+02
2.138823262664360527e+02
2.141310907608721550e+02
2.143815282400840374e+02
2.146343934290039499e+02
2.148896982175390633e+02
2.151459688255465323e+02
2.154032171429335278e+02
2.156614550596073059e+02
2.159199516304499866e+02
2.161794615803937347e+02
2.164385111292958470e+02
2.166978550020884597e+02
2.169567622536537499e+02
2.172145019388738660e+02
2.174718287826810581e+02
2.177272690049325092e+02
2.179815773305603273e+02
2.182340228144467744e+02
2.184838745114739993e+02
2.187318871465742802e+02
2.189773297746296805e+02
2.192194714505224624e+02
2.194575812291347745e+02
2.196931566704238037e+02
2.199239811592217677e+02
2.201515522554859103e+02
2.203743961790732158e+02
2.205917819848660599e+02
2.208052072328215729e+02
2.210124553077719725e+02
2.212150324419740457e+02
2.214115082167831190e+02
2.216019465559043056e+02
2.217864113830426334e+02
2.219649666219030166e+02
2.221369333611655748e+02
2.223016326895103703e+02
2.224598713656673681e+02
2.226109704783165455e+02
2.227549939511628736e+02
2.228912628728866139e+02
2.230198411671925385e+02
2.231400499227607952e+02
2.232526958983214342e+02
2.233571001825543476e+02
2.234525838641397115e+02
2.235406965368323995e+02
2.236192736192625432e+02
2.236898647051850730e+02
2.237510480482551429e+02
2.238036304072026610e+02
2.238476757057327120e+02
2.238817621975002226e+02
2.239066966412354134e+02
2.239225429606430566e+02
2.239278794093783631e+02
2.239235127461712409e+02
2.239095068947268032e+02
2.238851829437249989e+02
2.238506048168709412e+02
2.238065792728944814e+02
2.237516845654508302e+02
2.236859846182449019e+02
2.236102861900068035e+02
2.235239103694163987e+02
2.234269210801788574e+02
2.233186394109741570e+02
2.231998721205323477e+02
2.230699402975334635e+02
2.229289078656823904e+02
2.227760959136593044e+02
2.226123112001941422e+02
2.224376176489919601e+02
2.222513363487327638e+02
2.220542740581466603e+02
2.218457518659134848e+02
2.216250908607134420e+02
2.213938406363014906e+02
2.211513222813576078e+02
2.208975997195869070e+02
2.206319922565189415e+02
2.203552977351319839e+02
2.200668265452037531e+02
2.197666319115371891e+02
2.194547670589350901e+02
2.191320280472252193e+02
2.187969824311603588e+02
2.184511691055934079e+02
2.180931556252772339e+02
2.177244808850645654e+02
2.173437124397082698e+02
2.169523891840610759e+02
2.165490786728759076e+02
2.161345769659805569e+02
2.157096801232028156e+02
2.152729556992955793e+02
2.148251997540865830e+02
2.143672083474036469e+02
2.138975490339996668e+02
2.134177607087273714e+02
2.129271537613646785e+02
2.124250385816893072e+02
2.119129540645541567e+02
2.113902105997370313e+02
2.108576042470657228e+02
2.103137025612930415e+02
2.097600444372718869e+02
2.091959402647799493e+02
2.086221861036451912e+02
2.080388351786702970e+02
2.074459407146581782e+02
2.068435559364116614e+02
2.062317340687335161e+02
2.056105283364265972e+02
2.049814776343436620e+02
2.043424066822126122e+02
2.036948543748862335e+02
2.030396167721923177e+02
2.023752614288837322e+02
2.017025844047882686e+02
2.010216389247087818e+02
2.003324782134479847e+02
1.996358983308338395e+02
1.989319525016691159e+02
1.982199511157316465e+02
1.975014330678741601e+02
1.967757087478745746e+02
1.960428313805356879e+02
1.953035970256852636e+02
1.945573160731012194e+02
1.938047755258819791e+02
1.930459833251838404e+02
1.922809383554336762e+02
1.915096395010585013e+02
1.907328284815101824e+02
1.899497613461907122e+02
1.891619226495769226e+02
1.883678256060458409e+02
1.875696976050993499e+02
1.867660518611143914e+02
1.859583729285679397e+02
1.851459168568618736e+02
1.843294253654480883e+02
1.835081545037286332e+02
1.826835888261803404e+02
1.818549843822052026e+02
1.810230828912550862e+02
1.801871404027320125e+02
1.793486414711128418e+02
1.785060993107745162e+02
1.776617413112190036e+02
1.768140806868231891e+02
1.759638591570390247e+02
1.751125612763434845e+02
1.742579574240884313e+02
1.734022749897758331e+02
1.725447700228075973e+02
1.716861842426357043e+02
1.708265165336870268e+02
1.699650229453635859e+02
1.691031880321421568e+02
1.682402678434248458e+02
1.673770040986634910e+02
1.665133956822850507e+02
1.656501843137414482e+02
1.647873688774595848e+02
1.639242054228414531e+02
1.630621785043639420e+02
1.622012870064540095e+02
1.613415298135385569e+02
1.604829058100445422e+02
1.596261567154238605e+02
1.587705385790785328e+02
1.579175359554853628e+02
1.570664048940463715e+02
1.562171442791885170e+02
1.553704958303636090e+02
1.545264584319987193e+02
1.536857738035457146e+02
1.528476979944064738e+02
1.520129656356109535e+02
1.511815401694755963e+02
1.503541207849198997e+02
1.495299210008132604e+02
1.487103828411001132e+02
1.478939769896249459e+02
1.470821454703322217e+02
1.462748446371163311e+02
1.454712880088467273e+02
1.446729176094678735e+02
1.438789469578491946e+02
1.430900752429101317e+02
1.423062588185451034e+02
1.415274540386486422e+02
1.407536172571151099e+02
1.399854476628639475e+02
1.392229016097896306e+02
1.384659354517866348e+02
1.377145055427493219e+02
1.369693110715971898e+02
1.362295655571996349e+02
1.354967110235011774e+02
1.347699609893711568e+02
1.340500146437291562e+02
1.333368283404694523e+02
1.326303584334866343e+02
1.319305612766750642e+02
1.312373932239291889e+02
1.305515534641684496e+02
1.298729983512873503e+02
1.292009414041552589e+02
1.285368246467166671e+02
1.278798615978409856e+02
1.272307514464476981e+02
1.265887077114061867e+02
1.259544295816359352e+02
1.253286162460563986e+02
1.247097383885119655e+02
1.240992380329471558e+02
1.234970715332563458e+02
1.229024524083090313e+02
1.223160798470245965e+02
1.217379102032975311e+02
1.211671569959972601e+02
1.206052622490682324e+02
1.200521823164048527e+02
1.195071307168766452e+02
1.189700638043780003e+02
1.184416807678283590e+02
1.179219379611221541e+02
1.174107919149220862e+02
1.169081998669636704e+02
1.164141192317506039e+02
1.159292502588116918e+02
1.154528075276256800e+02
1.149847484526962802e+02
1.145257732835522546e+02
1.140750965996723352e+02
1.136334186505852983e+02
1.132006968507948699e+02
1.127761457797798101e+02
1.123604656870688530e+02
1.119536139871657241e+02
1.115555480945741920e+02
1.111654825887730027e+02
1.107848605543158982e+02
1.104128965706816530e+02
1.100495480523739644e+02
1.096940295788715929e+02
1.093477842347282802e+02
1.090100265994228153e+02
1.086807140874589237e+02
1.083605469483653110e+02
1.080479969265957720e+02
1.077445071067040203e+02
1.074485492331438081e+02
1.071615663904689200e+02
1.068827731581580593e+02
1.066113841156899582e+02
1.063488423476184153e+02
1.060943624334221340e+02
1.058479017876048829e+02
1.056086749896453938e+02
1.053781251240974228e+02
1.051547239354147081e+02
1.049399145081510056e+02
1.047321685867600678e+02
1.045321864207706000e+02
1.043391825896613909e+02
1.041546001779861683e+02
1.039761680951736764e+02
1.038053294257776855e+02
1.036420415843018930e+02
1.034855191502251159e+02
1.033357195380510234e+02
1.031926001622834264e+02
1.030561184374260222e+02
1.029262317779825651e+02
1.028028975984568234e+02
1.026860733133525372e+02
1.025757224528155973e+02
1.024710901745354619e+02
1.023721705868688332e+02
1.022797006331973080e+02
1.021921887518275298e+02
1.021111147211661461e+02
1.020357298145447800e+02
1.019660281403201196e+02
1.019012609718237456e+02
1.018421652524373116e+02
1.017887350905174770e+02
1.017402217593958511e+02
1.016958765324041138e+02
1.016571791879488558e+02
1.016233809993617712e+02
1.015944760749994344e+02
1.015697156881935257e+02
1.015490939473006904e+02
1.015333477957025536e+02
1.015217285067307529e+02
1.015142301887419336e+02
1.015108469500927129e+02
1.015115728991397503e+02
1.015156593092146835e+02
1.015231002886741720e+02
1.015346327808998268e+02
1.015487652241982772e+02
1.015662345619511910e+02
1.015870349025151995e+02
1.016111603542469197e+02
1.016378621904780175e+02
1.016671345195651242e+02
1.016982286148398771e+02
1.017326242547089095e+02
1.017688298774788649e+02
1.018075824265313969e+02
1.018481331751981145e+02
1.018904762318356774e+02
1.019346057048007452e+02
1.019805157024499067e+02
1.020274574981148277e+02
1.020761680351771474e+02
1.021258985869685176e+02
1.021766432618455553e+02
1.022283961681649060e+02
1.022804085792582072e+02
1.023334174385071265e+02
1.023866740192432587e+02
1.024409152648482717e+02
1.024946496136287806e+02
1.025486196449862888e+02
1.026028476473766204e+02
1.026558758752254619e+02
1.027099607580834686e+02
1.027629017153513757e+02
1.028154695065297943e+02
1.028676920560944268e+02
1.029188544534959675e+02
1.029689846232100763e+02
1.030188533247374494e+02
1.030677456475287386e+02
1.031149466810346382e+02
1.031612271847558162e+02
1.032066150831679607e+02
1.032503954657217520e+02
1.032925962568928497e+02
1.033332453811569707e+02
1.033723707629897461e+02
1.034092574918418705e+02
1.034446763272140402e+02
1.034779123585569067e+02
1.035089935103461727e+02
1.035386905420825059e+02
1.035655457081915642e+02
1.035903297681740582e+02
1.036123278114806538e+02
1.036323105976120189e+02
1.036495632160188336e+02
1.036648564262017800e+02
1.036767324825865302e+02
1.036859621446737947e+02
1.036925733369392191e+02
1.036965939838584632e+02
1.036973091748822497e+02
1.036947468344862529e+02
1.036889348871461181e+02
1.036806440923625274e+02
1.036684167045611815e+02
1.036530234832427482e+02
1.036344923528829298e+02
1.036121084029323498e+02
1.035866423928917186e+02
1.035573794122117306e+02
1.035243473853680172e+02
1.034875742368362950e+02
1.034478307261172461e+02
1.034036591076365141e+02
1.033558301408947955e+02
1.033036289153427845e+02
1.032478261904811347e+02
1.031884502076744781e+02
1.031247876408181128e+02
1.030568683157213172e+02
1.029847220581933698e+02
1.029091215290685142e+02
1.028286108841060269e+02
1.027447056191651598e+02
1.026559498900051750e+02
1.025638591924853387e+02
1.024669776823649130e+02
1.023660780204781702e+02
1.022604471976093521e+02
1.021508578745927167e+02
1.020365970422125628e+02
1.019184373613031340e+02
1.017964086576736804e+02
1.016690550870834784e+02
1.015378921453917798e+02
1.014029496584078629e+02
1.012627717818909758e+02
1.011188740117003988e+02
1.009705433386203737e+02
1.008185524234851727e+02
1.006614454220540580e+02
1.005007378301862815e+02
1.003357166386661277e+02
1.001656688382778384e+02
9.999210992488067973e+01
9.981432688925893615e+01
9.963309239224685143e+01
9.944695058960367362e+01
9.925667414216368911e+01
9.906229287573616205e+01
9.886383661613032814e+01
9.866207802418048800e+01
9.845556125564587546e+01
9.824505897136073429e+01
9.803134383215937930e+01
9.781370282882603817e+01
9.759142295214500962e+01
9.736601969797550282e+01
9.713752289212679614e+01
9.690447669035818024e+01
9.666839658852890693e+01
9.642856957742320390e+01
9.618576831787537174e+01
9.593927980066968075e+01
9.568913385161535246e+01
9.543610313154668745e+01
9.517947463124792762e+01
9.491927501651449006e+01
9.465700398313633457e+01
9.439044389176460470e+01
9.412183411320040705e+01
9.384969984311986479e+01
9.357479478227411107e+01
9.329712979638927095e+01
9.301597291616644725e+01
9.273282067738176693e+01
9.244619827571135318e+01
9.215760224693134717e+01
9.186555778671784367e+01
9.157156143084698385e+01
9.127488121001987054e+01
9.097552798996262879e+01
9.067425547142640596e+01
9.037033168511229064e+01
9.006451033177143017e+01
8.975605944210494158e+01
8.944647555188893762e+01
8.913428385679952726e+01
8.882023805758785784e+01
8.850509185500504827e+01
8.818737044472722175e+01
8.786857036253047681e+01
8.754795963911595891e+01
8.722554914020977890e+01
8.690209256656305570e+01
8.657760078390192859e+01
8.625134182292750040e+01
8.592406938439090425e+01
8.559579433401826520e+01
8.526652753753569414e+01
8.493702269569430996e+01
8.460580500417025007e+01
8.427437099873962723e+01
8.394198871010355845e+01
8.360941183901317686e+01
8.327590841616959949e+01
8.294223214232394525e+01
8.260839388320233923e+01
8.227440450453090648e+01
8.193953203701074983e+01
8.160527301641802467e+01
8.127163830847882764e+01
8.093715310886926773e+01
8.060405678839050836e+01
8.027087454271864431e+01
7.993761723757980064e+01
7.960578140875011854e+01
7.927388566647786661e+01
7.894339361940019728e+01
7.861279095062637623e+01
7.828353468336571552e+01
7.795485333575248887e+01
7.762746109597100030e+01
7.730132931718054579e+01
7.697568651751542745e+01
7.665050405013491286e+01
7.632723893824834249e+01
7.600511969998997586e+01
7.568337485349411509e+01
7.536420425699503767e+01
7.504535075857708648e+01
7.472827138144951675e+01
7.441219464374663062e+01
7.409783473365271789e+01
7.378516300432708874e+01
7.347415080892902495e+01
7.316402666559284285e+01
7.285624759752781188e+01
7.255004212286821996e+01
7.224538159477339150e+01
7.194223736640260825e+01
7.164132362594014580e+01
7.134186889152033473e+01
7.104458735132745062e+01
7.074945035852077524e+01
7.045642926625963298e+01
7.016475259267829756e+01
6.987587736098605262e+01
6.958903208931724294e+01
6.930418813083110763e+01
6.902131683868695688e+01
6.874113240106909473e+01
6.846360617113680291e+01
6.818796666702441200e+01
6.791492807691618339e+01
6.764371891894640498e+01
6.737505338129939503e+01
6.710964565215942912e+01
6.684598141463581555e+01
6.658477485691284414e+01
6.632636874966232199e+01
6.607043731203351911e+01
6.581717474769324383e+01
6.556647812629827854e+01
6.531846736801294639e+01
6.507303954249401556e+01
6.483031456990580921e+01
